 &plot nbnd=   8, nks=    91 /
            0.500000  0.500000  0.500000
   -3.635   -0.963    4.682    4.682    7.267    9.205    9.205   13.540
            0.475000  0.475000  0.475000
   -3.668   -0.915    4.686    4.686    7.272    9.210    9.210   13.547
            0.450000  0.450000  0.450000
   -3.761   -0.776    4.700    4.700    7.287    9.224    9.224   13.568
            0.425000  0.425000  0.425000
   -3.899   -0.563    4.722    4.722    7.313    9.245    9.245   13.599
            0.400000  0.400000  0.400000
   -4.064   -0.293    4.753    4.753    7.349    9.273    9.273   13.635
            0.375000  0.375000  0.375000
   -4.242    0.020    4.792    4.792    7.395    9.304    9.304   13.660
            0.350000  0.350000  0.350000
   -4.426    0.367    4.840    4.840    7.450    9.333    9.333   13.640
            0.325000  0.325000  0.325000
   -4.607    0.742    4.897    4.897    7.515    9.357    9.357   13.518
            0.300000  0.300000  0.300000
   -4.783    1.138    4.961    4.961    7.589    9.368    9.368   13.257
            0.275000  0.275000  0.275000
   -4.949    1.553    5.034    5.034    7.670    9.361    9.361   12.897
            0.250000  0.250000  0.250000
   -5.105    1.983    5.113    5.113    7.759    9.328    9.328   12.489
            0.225000  0.225000  0.225000
   -5.248    2.426    5.199    5.199    7.854    9.268    9.268   12.057
            0.200000  0.200000  0.200000
   -5.378    2.879    5.289    5.289    7.953    9.180    9.180   11.613
            0.175000  0.175000  0.175000
   -5.494    3.339    5.383    5.383    8.054    9.069    9.069   11.163
            0.150000  0.150000  0.150000
   -5.596    3.801    5.478    5.478    8.153    8.942    8.942   10.712
            0.125000  0.125000  0.125000
   -5.682    4.260    5.572    5.572    8.247    8.810    8.810   10.265
            0.100000  0.100000  0.100000
   -5.753    4.707    5.660    5.660    8.331    8.681    8.681    9.832
            0.075000  0.075000  0.075000
   -5.809    5.126    5.737    5.737    8.396    8.567    8.567    9.431
            0.050000  0.050000  0.050000
   -5.848    5.490    5.798    5.798    8.430    8.477    8.477    9.098
            0.025000  0.025000  0.025000
   -5.872    5.752    5.837    5.837    8.419    8.419    8.420    8.886
            0.000000  0.000000  0.000000
   -5.880    5.851    5.851    5.851    8.399    8.399    8.399    8.822
            0.033333  0.000000  0.000000
   -5.876    5.815    5.831    5.831    8.387    8.425    8.425    8.857
            0.066667  0.000000  0.000000
   -5.861    5.713    5.773    5.773    8.353    8.501    8.501    8.957
            0.100000  0.000000  0.000000
   -5.838    5.555    5.683    5.683    8.297    8.619    8.619    9.109
            0.133333  0.000000  0.000000
   -5.805    5.356    5.569    5.569    8.223    8.774    8.774    9.294
            0.166667  0.000000  0.000000
   -5.762    5.128    5.439    5.439    8.134    8.957    8.957    9.497
            0.200000  0.000000  0.000000
   -5.711    4.880    5.297    5.297    8.032    9.161    9.161    9.698
            0.233333  0.000000  0.000000
   -5.649    4.617    5.150    5.150    7.923    9.384    9.384    9.874
            0.266667  0.000000  0.000000
   -5.579    4.345    5.000    5.000    7.807    9.620    9.620    9.999
            0.300000  0.000000  0.000000
   -5.499    4.065    4.849    4.849    7.688    9.867    9.867   10.043
            0.333333  0.000000  0.000000
   -5.410    3.781    4.701    4.701    7.568    9.992   10.123   10.123
            0.366667  0.000000  0.000000
   -5.312    3.493    4.555    4.555    7.450    9.861   10.387   10.387
            0.400000  0.000000  0.000000
   -5.205    3.203    4.414    4.414    7.333    9.674   10.657   10.657
            0.433333  0.000000  0.000000
   -5.089    2.911    4.278    4.278    7.221    9.456   10.933   10.933
            0.466667  0.000000  0.000000
   -4.964    2.618    4.148    4.148    7.114    9.223   11.213   11.213
            0.500000  0.000000  0.000000
   -4.830    2.324    4.024    4.024    7.013    8.986   11.497   11.497
            0.533333  0.000000  0.000000
   -4.688    2.031    3.907    3.907    6.920    8.750   11.785   11.785
            0.566667  0.000000  0.000000
   -4.536    1.738    3.796    3.796    6.833    8.521   12.076   12.076
            0.600000  0.000000  0.000000
   -4.377    1.446    3.694    3.694    6.756    8.300   12.369   12.369
            0.633333  0.000000  0.000000
   -4.209    1.155    3.598    3.598    6.687    8.089   12.666   12.666
            0.666667  0.000000  0.000000
   -4.032    0.866    3.511    3.511    6.627    7.890   12.965   12.965
            0.700000  0.000000  0.000000
   -3.848    0.578    3.431    3.431    6.577    7.704   13.266   13.266
            0.733333  0.000000  0.000000
   -3.656    0.293    3.359    3.359    6.538    7.531   13.568   13.568
            0.766667  0.000000  0.000000
   -3.456    0.010    3.296    3.296    6.509    7.370   13.872   13.872
            0.800000  0.000000  0.000000
   -3.249   -0.269    3.241    3.241    6.491    7.224   14.177   14.177
            0.833333  0.000000  0.000000
   -3.034   -0.545    3.194    3.194    6.484    7.091   14.481   14.481
            0.866667  0.000000  0.000000
   -2.812   -0.817    3.156    3.156    6.488    6.972   14.782   14.782
            0.900000  0.000000  0.000000
   -2.584   -1.085    3.126    3.126    6.505    6.866   15.075   15.075
            0.933333  0.000000  0.000000
   -2.348   -1.348    3.105    3.105    6.533    6.773   15.348   15.348
            0.966667  0.000000  0.000000
   -2.107   -1.607    3.092    3.092    6.574    6.694   15.569   15.569
            1.000000  0.000000  0.000000
   -1.860   -1.860    3.087    3.087    6.628    6.628   15.663   15.663
            1.000000  0.025000  0.025000
   -1.862   -1.854    3.052    3.092    6.633    6.681   15.609   15.631
            1.000000  0.050000  0.050000
   -1.870   -1.837    2.953    3.104    6.647    6.834   15.458   15.538
            1.000000  0.075000  0.075000
   -1.883   -1.808    2.807    3.126    6.672    7.072   15.238   15.395
            1.000000  0.100000  0.100000
   -1.904   -1.767    2.632    3.155    6.706    7.375   14.976   15.215
            1.000000  0.125000  0.125000
   -1.933   -1.715    2.446    3.193    6.749    7.730   14.689   15.009
            1.000000  0.150000  0.150000
   -1.972   -1.651    2.261    3.239    6.802    8.124   14.390   14.786
            1.000000  0.175000  0.175000
   -2.025   -1.576    2.088    3.293    6.864    8.548   14.084   14.552
            1.000000  0.200000  0.200000
   -2.092   -1.490    1.935    3.355    6.935    8.998   13.777   14.312
            1.000000  0.225000  0.225000
   -2.175   -1.392    1.807    3.425    7.015    9.467   13.472   14.031
            1.000000  0.250000  0.250000
   -2.275   -1.282    1.708    3.501    7.103    9.954   13.171   13.708
            0.966667  0.241667  0.241667
   -2.278   -1.284    1.750    3.479    7.078    9.796   13.202   13.542
            0.933333  0.233333  0.233333
   -2.359   -1.211    1.820    3.465    7.065    9.651   13.131   13.322
            0.900000  0.225000  0.225000
   -2.499   -1.078    1.912    3.460    7.064    9.521   13.011   13.102
            0.866667  0.216667  0.216667
   -2.671   -0.909    2.024    3.464    7.075    9.405   12.870   12.883
            0.833333  0.208333  0.208333
   -2.861   -0.715    2.151    3.477    7.095    9.306   12.666   12.722
            0.800000  0.200000  0.200000
   -3.059   -0.505    2.293    3.499    7.126    9.224   12.450   12.570
            0.766667  0.191667  0.191667
   -3.260   -0.282    2.447    3.530    7.165    9.161   12.236   12.418
            0.733333  0.183333  0.183333
   -3.461   -0.049    2.610    3.571    7.211    9.118   12.025   12.266
            0.700000  0.175000  0.175000
   -3.658    0.194    2.781    3.620    7.262    9.098   11.817   12.113
            0.666667  0.166667  0.166667
   -3.850    0.446    2.959    3.679    7.316    9.101   11.611   11.959
            0.633333  0.158333  0.158333
   -4.037    0.706    3.142    3.746    7.372    9.129   11.408   11.801
            0.600000  0.150000  0.150000
   -4.217    0.973    3.328    3.822    7.428    9.182   11.211   11.640
            0.566667  0.141667  0.141667
   -4.390    1.247    3.517    3.908    7.482    9.259   11.019   11.472
            0.533333  0.133333  0.133333
   -4.555    1.529    3.707    4.001    7.535    9.357   10.835   11.297
            0.500000  0.125000  0.125000
   -4.711    1.817    3.897    4.103    7.588    9.467   10.665   11.113
            0.466667  0.116667  0.116667
   -4.858    2.111    4.086    4.213    7.640    9.575   10.521   10.919
            0.433333  0.108333  0.108333
   -4.996    2.410    4.273    4.331    7.694    9.652   10.424   10.716
            0.400000  0.100000  0.100000
   -5.125    2.716    4.455    4.456    7.750    9.659   10.405   10.503
            0.366667  0.091667  0.091667
   -5.244    3.025    4.586    4.635    7.809    9.587   10.283   10.454
            0.333333  0.083333  0.083333
   -5.354    3.339    4.723    4.809    7.871    9.470   10.057   10.514
            0.300000  0.075000  0.075000
   -5.453    3.655    4.864    4.975    7.937    9.333    9.829   10.518
            0.266667  0.066667  0.066667
   -5.542    3.972    5.009    5.133    8.006    9.192    9.601   10.422
            0.233333  0.058333  0.058333
   -5.621    4.287    5.154    5.282    8.076    9.052    9.378   10.229
            0.200000  0.050000  0.050000
   -5.690    4.599    5.299    5.418    8.145    8.919    9.163    9.975
            0.166667  0.041667  0.041667
   -5.748    4.901    5.438    5.540    8.212    8.796    8.961    9.698
            0.133333  0.033333  0.033333
   -5.795    5.186    5.568    5.646    8.273    8.682    8.779    9.424
            0.100000  0.025000  0.025000
   -5.832    5.444    5.682    5.733    8.325    8.581    8.623    9.177
            0.066667  0.016667  0.016667
   -5.859    5.656    5.772    5.798    8.365    8.492    8.503    8.983
            0.033333  0.008333  0.008333
   -5.875    5.800    5.831    5.838    8.390    8.425    8.426    8.862
            0.000000  0.000000  0.000000
   -5.880    5.851    5.851    5.851    8.399    8.399    8.399    8.822
